2024/05/24-15:04:56.933058 38ec RocksDB version: 8.3.2
2024/05/24-15:04:56.933193 38ec Git sha 3f7c92b9753b697ce6a5ea737086d2751f17956c
2024/05/24-15:04:56.933225 38ec Compile date 2023-06-28 10:58:06
2024/05/24-15:04:56.933316 38ec DB SUMMARY
2024/05/24-15:04:56.933335 38ec DB Session ID:  39RQGA78TPA842PAI4IY
2024/05/24-15:04:56.934078 38ec SST files in C:\Users\LENOVO\OneDrive\Desktop\Private Network Besu\node4\data\database dir, Total Num: 0, files: 
2024/05/24-15:04:56.934125 38ec Write Ahead Log file in C:\Users\LENOVO\OneDrive\Desktop\Private Network Besu\node4\data\database: 
2024/05/24-15:04:56.934147 38ec                         Options.error_if_exists: 0
2024/05/24-15:04:56.934160 38ec                       Options.create_if_missing: 1
2024/05/24-15:04:56.934481 38ec                         Options.paranoid_checks: 1
2024/05/24-15:04:56.934492 38ec             Options.flush_verify_memtable_count: 1
2024/05/24-15:04:56.934498 38ec                               Options.track_and_verify_wals_in_manifest: 0
2024/05/24-15:04:56.934504 38ec        Options.verify_sst_unique_id_in_manifest: 1
2024/05/24-15:04:56.934509 38ec                                     Options.env: 0000026A21F40980
2024/05/24-15:04:56.934535 38ec                                      Options.fs: WinFS
2024/05/24-15:04:56.934544 38ec                                Options.info_log: 0000026A23C4B0D0
2024/05/24-15:04:56.934550 38ec                Options.max_file_opening_threads: 16
2024/05/24-15:04:56.934555 38ec                              Options.statistics: 0000026A2123DE20
2024/05/24-15:04:56.934561 38ec                               Options.use_fsync: 0
2024/05/24-15:04:56.934566 38ec                       Options.max_log_file_size: 0
2024/05/24-15:04:56.934626 38ec                  Options.max_manifest_file_size: 1073741824
2024/05/24-15:04:56.934664 38ec                   Options.log_file_time_to_roll: 86400
2024/05/24-15:04:56.934673 38ec                       Options.keep_log_file_num: 7
2024/05/24-15:04:56.934678 38ec                    Options.recycle_log_file_num: 0
2024/05/24-15:04:56.934683 38ec                         Options.allow_fallocate: 1
2024/05/24-15:04:56.934688 38ec                        Options.allow_mmap_reads: 0
2024/05/24-15:04:56.934693 38ec                       Options.allow_mmap_writes: 0
2024/05/24-15:04:56.934699 38ec                        Options.use_direct_reads: 0
2024/05/24-15:04:56.934704 38ec                        Options.use_direct_io_for_flush_and_compaction: 0
2024/05/24-15:04:56.934709 38ec          Options.create_missing_column_families: 1
2024/05/24-15:04:56.934715 38ec                              Options.db_log_dir: 
2024/05/24-15:04:56.934720 38ec                                 Options.wal_dir: 
2024/05/24-15:04:56.934724 38ec                Options.table_cache_numshardbits: 6
2024/05/24-15:04:56.934729 38ec                         Options.WAL_ttl_seconds: 0
2024/05/24-15:04:56.934734 38ec                       Options.WAL_size_limit_MB: 0
2024/05/24-15:04:56.934739 38ec                        Options.max_write_batch_group_size_bytes: 1048576
2024/05/24-15:04:56.934744 38ec             Options.manifest_preallocation_size: 4194304
2024/05/24-15:04:56.934750 38ec                     Options.is_fd_close_on_exec: 1
2024/05/24-15:04:56.934755 38ec                   Options.advise_random_on_open: 1
2024/05/24-15:04:56.934760 38ec                    Options.db_write_buffer_size: 0
2024/05/24-15:04:56.934765 38ec                    Options.write_buffer_manager: 0000026A21F41E20
2024/05/24-15:04:56.934771 38ec         Options.access_hint_on_compaction_start: 1
2024/05/24-15:04:56.934776 38ec           Options.random_access_max_buffer_size: 1048576
2024/05/24-15:04:56.934781 38ec                      Options.use_adaptive_mutex: 0
2024/05/24-15:04:56.934787 38ec                            Options.rate_limiter: 0000000000000000
2024/05/24-15:04:56.934793 38ec     Options.sst_file_manager.rate_bytes_per_sec: 0
2024/05/24-15:04:56.934799 38ec                       Options.wal_recovery_mode: 2
2024/05/24-15:04:56.934805 38ec                  Options.enable_thread_tracking: 0
2024/05/24-15:04:56.934873 38ec                  Options.enable_pipelined_write: 0
2024/05/24-15:04:56.934884 38ec                  Options.unordered_write: 0
2024/05/24-15:04:56.934889 38ec         Options.allow_concurrent_memtable_write: 1
2024/05/24-15:04:56.934894 38ec      Options.enable_write_thread_adaptive_yield: 1
2024/05/24-15:04:56.934899 38ec             Options.write_thread_max_yield_usec: 100
2024/05/24-15:04:56.934904 38ec            Options.write_thread_slow_yield_usec: 3
2024/05/24-15:04:56.934909 38ec                               Options.row_cache: None
2024/05/24-15:04:56.934914 38ec                              Options.wal_filter: None
2024/05/24-15:04:56.934920 38ec             Options.avoid_flush_during_recovery: 0
2024/05/24-15:04:56.934925 38ec             Options.allow_ingest_behind: 0
2024/05/24-15:04:56.934930 38ec             Options.two_write_queues: 0
2024/05/24-15:04:56.934935 38ec             Options.manual_wal_flush: 0
2024/05/24-15:04:56.934940 38ec             Options.wal_compression: 0
2024/05/24-15:04:56.934945 38ec             Options.atomic_flush: 0
2024/05/24-15:04:56.934950 38ec             Options.avoid_unnecessary_blocking_io: 0
2024/05/24-15:04:56.934955 38ec                 Options.persist_stats_to_disk: 0
2024/05/24-15:04:56.934961 38ec                 Options.write_dbid_to_manifest: 0
2024/05/24-15:04:56.934966 38ec                 Options.log_readahead_size: 0
2024/05/24-15:04:56.934971 38ec                 Options.file_checksum_gen_factory: Unknown
2024/05/24-15:04:56.934977 38ec                 Options.best_efforts_recovery: 0
2024/05/24-15:04:56.934982 38ec                Options.max_bgerror_resume_count: 2147483647
2024/05/24-15:04:56.934987 38ec            Options.bgerror_resume_retry_interval: 1000000
2024/05/24-15:04:56.934992 38ec             Options.allow_data_in_errors: 0
2024/05/24-15:04:56.934997 38ec             Options.db_host_id: __hostname__
2024/05/24-15:04:56.935003 38ec             Options.enforce_single_del_contracts: true
2024/05/24-15:04:56.935008 38ec             Options.max_background_jobs: 2
2024/05/24-15:04:56.935013 38ec             Options.max_background_compactions: -1
2024/05/24-15:04:56.935018 38ec             Options.max_subcompactions: 1
2024/05/24-15:04:56.935023 38ec             Options.avoid_flush_during_shutdown: 0
2024/05/24-15:04:56.935028 38ec           Options.writable_file_max_buffer_size: 1048576
2024/05/24-15:04:56.935041 38ec             Options.delayed_write_rate : 16777216
2024/05/24-15:04:56.935047 38ec             Options.max_total_wal_size: 1073741824
2024/05/24-15:04:56.935053 38ec             Options.delete_obsolete_files_period_micros: 21600000000
2024/05/24-15:04:56.935058 38ec                   Options.stats_dump_period_sec: 600
2024/05/24-15:04:56.935064 38ec                 Options.stats_persist_period_sec: 600
2024/05/24-15:04:56.935069 38ec                 Options.stats_history_buffer_size: 1048576
2024/05/24-15:04:56.935074 38ec                          Options.max_open_files: 1024
2024/05/24-15:04:56.935079 38ec                          Options.bytes_per_sync: 0
2024/05/24-15:04:56.935085 38ec                      Options.wal_bytes_per_sync: 0
2024/05/24-15:04:56.935090 38ec                   Options.strict_bytes_per_sync: 0
2024/05/24-15:04:56.935095 38ec       Options.compaction_readahead_size: 0
2024/05/24-15:04:56.935101 38ec                  Options.max_background_flushes: -1
2024/05/24-15:04:56.935160 38ec Compression algorithms supported:
2024/05/24-15:04:56.935172 38ec 	kZSTD supported: 1
2024/05/24-15:04:56.935178 38ec 	kSnappyCompression supported: 1
2024/05/24-15:04:56.935183 38ec 	kBZip2Compression supported: 0
2024/05/24-15:04:56.935188 38ec 	kZlibCompression supported: 1
2024/05/24-15:04:56.935193 38ec 	kLZ4Compression supported: 1
2024/05/24-15:04:56.935198 38ec 	kXpressCompression supported: 0
2024/05/24-15:04:56.935203 38ec 	kLZ4HCCompression supported: 1
2024/05/24-15:04:56.935207 38ec 	kZSTDNotFinalCompression supported: 1
2024/05/24-15:04:56.935218 38ec Fast CRC32 supported: Not supported on x86
2024/05/24-15:04:56.935276 38ec DMutex implementation: std::mutex
2024/05/24-15:04:56.940879 38ec [db\db_impl\db_impl_open.cc:316] Creating manifest 1 
2024/05/24-15:04:56.949033 38ec [db\version_set.cc:5834] Recovering from manifest file: C:\Users\LENOVO\OneDrive\Desktop\Private Network Besu\node4\data\database/MANIFEST-000001
2024/05/24-15:04:56.950161 38ec [db\column_family.cc:621] --------------- Options for column family [default]:
2024/05/24-15:04:56.950202 38ec               Options.comparator: leveldb.BytewiseComparator
2024/05/24-15:04:56.950206 38ec           Options.merge_operator: None
2024/05/24-15:04:56.950210 38ec        Options.compaction_filter: None
2024/05/24-15:04:56.950214 38ec        Options.compaction_filter_factory: None
2024/05/24-15:04:56.950218 38ec  Options.sst_partitioner_factory: None
2024/05/24-15:04:56.950222 38ec         Options.memtable_factory: SkipListFactory
2024/05/24-15:04:56.950225 38ec            Options.table_factory: BlockBasedTable
2024/05/24-15:04:56.950277 38ec            table_factory options:   flush_block_policy_factory: FlushBlockBySizePolicyFactory (0000026A21B2C980)
  cache_index_and_filter_blocks: 0
  cache_index_and_filter_blocks_with_high_priority: 1
  pin_l0_filter_and_index_blocks_in_cache: 0
  pin_top_level_index_and_filter: 1
  index_type: 0
  data_block_index_type: 0
  index_shortening: 1
  data_block_hash_table_util_ratio: 0.750000
  checksum: 1
  no_block_cache: 0
  block_cache: 0000026A21F40B70
  block_cache_name: LRUCache
  block_cache_options:
    capacity : 134217728
    num_shard_bits : 6
    strict_capacity_limit : 0
    memory_allocator : None
    high_pri_pool_ratio: 0.000
    low_pri_pool_ratio: 0.000
  persistent_cache: 0000000000000000
  block_size: 32768
  block_size_deviation: 10
  block_restart_interval: 16
  index_block_restart_interval: 1
  metadata_block_size: 4096
  partition_filters: 0
  use_delta_encoding: 1
  filter_policy: bloomfilter
  whole_key_filtering: 1
  verify_compression: 0
  read_amp_bytes_per_bit: 0
  format_version: 5
  enable_index_compression: 1
  block_align: 0
  max_auto_readahead_size: 262144
  prepopulate_block_cache: 0
  initial_auto_readahead_size: 8192
  num_file_reads_for_auto_readahead: 2
2024/05/24-15:04:56.950283 38ec        Options.write_buffer_size: 67108864
2024/05/24-15:04:56.950287 38ec  Options.max_write_buffer_number: 2
2024/05/24-15:04:56.950291 38ec          Options.compression: LZ4
2024/05/24-15:04:56.950294 38ec                  Options.bottommost_compression: Disabled
2024/05/24-15:04:56.950298 38ec       Options.prefix_extractor: nullptr
2024/05/24-15:04:56.950302 38ec   Options.memtable_insert_with_hint_prefix_extractor: nullptr
2024/05/24-15:04:56.950305 38ec             Options.num_levels: 7
2024/05/24-15:04:56.950309 38ec        Options.min_write_buffer_number_to_merge: 1
2024/05/24-15:04:56.950313 38ec     Options.max_write_buffer_number_to_maintain: 0
2024/05/24-15:04:56.950317 38ec     Options.max_write_buffer_size_to_maintain: 134217728
2024/05/24-15:04:56.950321 38ec            Options.bottommost_compression_opts.window_bits: -14
2024/05/24-15:04:56.950325 38ec                  Options.bottommost_compression_opts.level: 32767
2024/05/24-15:04:56.950329 38ec               Options.bottommost_compression_opts.strategy: 0
2024/05/24-15:04:56.950333 38ec         Options.bottommost_compression_opts.max_dict_bytes: 0
2024/05/24-15:04:56.950337 38ec         Options.bottommost_compression_opts.zstd_max_train_bytes: 0
2024/05/24-15:04:56.950341 38ec         Options.bottommost_compression_opts.parallel_threads: 1
2024/05/24-15:04:56.950345 38ec                  Options.bottommost_compression_opts.enabled: false
2024/05/24-15:04:56.950349 38ec         Options.bottommost_compression_opts.max_dict_buffer_bytes: 0
2024/05/24-15:04:56.950353 38ec         Options.bottommost_compression_opts.use_zstd_dict_trainer: true
2024/05/24-15:04:56.950357 38ec            Options.compression_opts.window_bits: -14
2024/05/24-15:04:56.950361 38ec                  Options.compression_opts.level: 32767
2024/05/24-15:04:56.950369 38ec               Options.compression_opts.strategy: 0
2024/05/24-15:04:56.950377 38ec         Options.compression_opts.max_dict_bytes: 0
2024/05/24-15:04:56.950380 38ec         Options.compression_opts.zstd_max_train_bytes: 0
2024/05/24-15:04:56.950384 38ec         Options.compression_opts.use_zstd_dict_trainer: true
2024/05/24-15:04:56.950388 38ec         Options.compression_opts.parallel_threads: 1
2024/05/24-15:04:56.950392 38ec                  Options.compression_opts.enabled: false
2024/05/24-15:04:56.950396 38ec         Options.compression_opts.max_dict_buffer_bytes: 0
2024/05/24-15:04:56.950400 38ec      Options.level0_file_num_compaction_trigger: 4
2024/05/24-15:04:56.950404 38ec          Options.level0_slowdown_writes_trigger: 20
2024/05/24-15:04:56.950408 38ec              Options.level0_stop_writes_trigger: 36
2024/05/24-15:04:56.950412 38ec                   Options.target_file_size_base: 67108864
2024/05/24-15:04:56.950416 38ec             Options.target_file_size_multiplier: 1
2024/05/24-15:04:56.950420 38ec                Options.max_bytes_for_level_base: 268435456
2024/05/24-15:04:56.950424 38ec Options.level_compaction_dynamic_level_bytes: 0
2024/05/24-15:04:56.950428 38ec          Options.max_bytes_for_level_multiplier: 10.000000
2024/05/24-15:04:56.950433 38ec Options.max_bytes_for_level_multiplier_addtl[0]: 1
2024/05/24-15:04:56.950437 38ec Options.max_bytes_for_level_multiplier_addtl[1]: 1
2024/05/24-15:04:56.950440 38ec Options.max_bytes_for_level_multiplier_addtl[2]: 1
2024/05/24-15:04:56.950457 38ec Options.max_bytes_for_level_multiplier_addtl[3]: 1
2024/05/24-15:04:56.950460 38ec Options.max_bytes_for_level_multiplier_addtl[4]: 1
2024/05/24-15:04:56.950464 38ec Options.max_bytes_for_level_multiplier_addtl[5]: 1
2024/05/24-15:04:56.950468 38ec Options.max_bytes_for_level_multiplier_addtl[6]: 1
2024/05/24-15:04:56.950472 38ec       Options.max_sequential_skip_in_iterations: 8
2024/05/24-15:04:56.950475 38ec                    Options.max_compaction_bytes: 1677721600
2024/05/24-15:04:56.950479 38ec   Options.ignore_max_compaction_bytes_for_input: true
2024/05/24-15:04:56.950483 38ec                        Options.arena_block_size: 1048576
2024/05/24-15:04:56.950487 38ec   Options.soft_pending_compaction_bytes_limit: 68719476736
2024/05/24-15:04:56.950490 38ec   Options.hard_pending_compaction_bytes_limit: 274877906944
2024/05/24-15:04:56.950494 38ec                Options.disable_auto_compactions: 0
2024/05/24-15:04:56.950499 38ec                        Options.compaction_style: kCompactionStyleLevel
2024/05/24-15:04:56.950504 38ec                          Options.compaction_pri: kMinOverlappingRatio
2024/05/24-15:04:56.950507 38ec Options.compaction_options_universal.size_ratio: 1
2024/05/24-15:04:56.950511 38ec Options.compaction_options_universal.min_merge_width: 2
2024/05/24-15:04:56.950515 38ec Options.compaction_options_universal.max_merge_width: 4294967295
2024/05/24-15:04:56.950519 38ec Options.compaction_options_universal.max_size_amplification_percent: 200
2024/05/24-15:04:56.950523 38ec Options.compaction_options_universal.compression_size_percent: -1
2024/05/24-15:04:56.950527 38ec Options.compaction_options_universal.stop_style: kCompactionStopStyleTotalSize
2024/05/24-15:04:56.950531 38ec Options.compaction_options_fifo.max_table_files_size: 1073741824
2024/05/24-15:04:56.950534 38ec Options.compaction_options_fifo.allow_compaction: 0
2024/05/24-15:04:56.950543 38ec                   Options.table_properties_collectors: 
2024/05/24-15:04:56.950551 38ec                   Options.inplace_update_support: 0
2024/05/24-15:04:56.950555 38ec                 Options.inplace_update_num_locks: 10000
2024/05/24-15:04:56.950559 38ec               Options.memtable_prefix_bloom_size_ratio: 0.000000
2024/05/24-15:04:56.950563 38ec               Options.memtable_whole_key_filtering: 0
2024/05/24-15:04:56.950567 38ec   Options.memtable_huge_page_size: 0
2024/05/24-15:04:56.950570 38ec                           Options.bloom_locality: 0
2024/05/24-15:04:56.950652 38ec                    Options.max_successive_merges: 0
2024/05/24-15:04:56.950658 38ec                Options.optimize_filters_for_hits: 0
2024/05/24-15:04:56.950662 38ec                Options.paranoid_file_checks: 0
2024/05/24-15:04:56.950666 38ec                Options.force_consistency_checks: 1
2024/05/24-15:04:56.950670 38ec                Options.report_bg_io_stats: 0
2024/05/24-15:04:56.950674 38ec                               Options.ttl: 0
2024/05/24-15:04:56.950678 38ec          Options.periodic_compaction_seconds: 0
2024/05/24-15:04:56.950682 38ec  Options.preclude_last_level_data_seconds: 0
2024/05/24-15:04:56.950686 38ec    Options.preserve_internal_time_seconds: 0
2024/05/24-15:04:56.950690 38ec                       Options.enable_blob_files: false
2024/05/24-15:04:56.950693 38ec                           Options.min_blob_size: 0
2024/05/24-15:04:56.950697 38ec                          Options.blob_file_size: 268435456
2024/05/24-15:04:56.950707 38ec                   Options.blob_compression_type: NoCompression
2024/05/24-15:04:56.950790 38ec          Options.enable_blob_garbage_collection: false
2024/05/24-15:04:56.950803 38ec      Options.blob_garbage_collection_age_cutoff: 0.250000
2024/05/24-15:04:56.950809 38ec Options.blob_garbage_collection_force_threshold: 1.000000
2024/05/24-15:04:56.950814 38ec          Options.blob_compaction_readahead_size: 0
2024/05/24-15:04:56.950819 38ec                Options.blob_file_starting_level: 0
2024/05/24-15:04:56.950825 38ec Options.experimental_mempurge_threshold: 0.000000
2024/05/24-15:04:56.953482 38ec [db\version_set.cc:5885] Recovered from manifest file:C:\Users\LENOVO\OneDrive\Desktop\Private Network Besu\node4\data\database/MANIFEST-000001 succeeded,manifest_file_number is 1, next_file_number is 3, last_sequence is 0, log_number is 0,prev_log_number is 0,max_column_family is 0,min_log_number_to_keep is 0
2024/05/24-15:04:56.953507 38ec [db\version_set.cc:5894] Column family [default] (ID 0), log number is 0
2024/05/24-15:04:56.954373 38ec [db\db_impl\db_impl_open.cc:636] DB ID: e17375b8-19b0-11ef-a6b3-908e03442cc6
2024/05/24-15:04:56.956101 38ec [db\version_set.cc:5347] Creating manifest 5
2024/05/24-15:04:56.963089 38ec [db\column_family.cc:621] --------------- Options for column family []:
2024/05/24-15:04:56.963115 38ec               Options.comparator: leveldb.BytewiseComparator
2024/05/24-15:04:56.963120 38ec           Options.merge_operator: None
2024/05/24-15:04:56.963124 38ec        Options.compaction_filter: None
2024/05/24-15:04:56.963128 38ec        Options.compaction_filter_factory: None
2024/05/24-15:04:56.963132 38ec  Options.sst_partitioner_factory: None
2024/05/24-15:04:56.963150 38ec         Options.memtable_factory: SkipListFactory
2024/05/24-15:04:56.963154 38ec            Options.table_factory: BlockBasedTable
2024/05/24-15:04:56.963185 38ec            table_factory options:   flush_block_policy_factory: FlushBlockBySizePolicyFactory (0000026A21B2C8C0)
  cache_index_and_filter_blocks: 0
  cache_index_and_filter_blocks_with_high_priority: 1
  pin_l0_filter_and_index_blocks_in_cache: 0
  pin_top_level_index_and_filter: 1
  index_type: 0
  data_block_index_type: 0
  index_shortening: 1
  data_block_hash_table_util_ratio: 0.750000
  checksum: 1
  no_block_cache: 0
  block_cache: 0000026A21F3F130
  block_cache_name: LRUCache
  block_cache_options:
    capacity : 134217728
    num_shard_bits : 6
    strict_capacity_limit : 0
    memory_allocator : None
    high_pri_pool_ratio: 0.000
    low_pri_pool_ratio: 0.000
  persistent_cache: 0000000000000000
  block_size: 32768
  block_size_deviation: 10
  block_restart_interval: 16
  index_block_restart_interval: 1
  metadata_block_size: 4096
  partition_filters: 0
  use_delta_encoding: 1
  filter_policy: bloomfilter
  whole_key_filtering: 1
  verify_compression: 0
  read_amp_bytes_per_bit: 0
  format_version: 5
  enable_index_compression: 1
  block_align: 0
  max_auto_readahead_size: 262144
  prepopulate_block_cache: 0
  initial_auto_readahead_size: 8192
  num_file_reads_for_auto_readahead: 2
2024/05/24-15:04:56.963197 38ec        Options.write_buffer_size: 67108864
2024/05/24-15:04:56.963204 38ec  Options.max_write_buffer_number: 2
2024/05/24-15:04:56.963208 38ec          Options.compression: LZ4
2024/05/24-15:04:56.963212 38ec                  Options.bottommost_compression: Disabled
2024/05/24-15:04:56.963216 38ec       Options.prefix_extractor: nullptr
2024/05/24-15:04:56.963220 38ec   Options.memtable_insert_with_hint_prefix_extractor: nullptr
2024/05/24-15:04:56.963223 38ec             Options.num_levels: 7
2024/05/24-15:04:56.963227 38ec        Options.min_write_buffer_number_to_merge: 1
2024/05/24-15:04:56.963231 38ec     Options.max_write_buffer_number_to_maintain: 0
2024/05/24-15:04:56.963235 38ec     Options.max_write_buffer_size_to_maintain: 134217728
2024/05/24-15:04:56.963239 38ec            Options.bottommost_compression_opts.window_bits: -14
2024/05/24-15:04:56.963243 38ec                  Options.bottommost_compression_opts.level: 32767
2024/05/24-15:04:56.963247 38ec               Options.bottommost_compression_opts.strategy: 0
2024/05/24-15:04:56.963251 38ec         Options.bottommost_compression_opts.max_dict_bytes: 0
2024/05/24-15:04:56.963255 38ec         Options.bottommost_compression_opts.zstd_max_train_bytes: 0
2024/05/24-15:04:56.963259 38ec         Options.bottommost_compression_opts.parallel_threads: 1
2024/05/24-15:04:56.963263 38ec                  Options.bottommost_compression_opts.enabled: false
2024/05/24-15:04:56.963267 38ec         Options.bottommost_compression_opts.max_dict_buffer_bytes: 0
2024/05/24-15:04:56.963272 38ec         Options.bottommost_compression_opts.use_zstd_dict_trainer: true
2024/05/24-15:04:56.963276 38ec            Options.compression_opts.window_bits: -14
2024/05/24-15:04:56.963280 38ec                  Options.compression_opts.level: 32767
2024/05/24-15:04:56.963285 38ec               Options.compression_opts.strategy: 0
2024/05/24-15:04:56.963288 38ec         Options.compression_opts.max_dict_bytes: 0
2024/05/24-15:04:56.963292 38ec         Options.compression_opts.zstd_max_train_bytes: 0
2024/05/24-15:04:56.963296 38ec         Options.compression_opts.use_zstd_dict_trainer: true
2024/05/24-15:04:56.963300 38ec         Options.compression_opts.parallel_threads: 1
2024/05/24-15:04:56.963359 38ec                  Options.compression_opts.enabled: false
2024/05/24-15:04:56.963367 38ec         Options.compression_opts.max_dict_buffer_bytes: 0
2024/05/24-15:04:56.963371 38ec      Options.level0_file_num_compaction_trigger: 4
2024/05/24-15:04:56.963375 38ec          Options.level0_slowdown_writes_trigger: 20
2024/05/24-15:04:56.963379 38ec              Options.level0_stop_writes_trigger: 36
2024/05/24-15:04:56.963383 38ec                   Options.target_file_size_base: 67108864
2024/05/24-15:04:56.963387 38ec             Options.target_file_size_multiplier: 1
2024/05/24-15:04:56.963391 38ec                Options.max_bytes_for_level_base: 268435456
2024/05/24-15:04:56.963395 38ec Options.level_compaction_dynamic_level_bytes: 0
2024/05/24-15:04:56.963402 38ec          Options.max_bytes_for_level_multiplier: 10.000000
2024/05/24-15:04:56.963409 38ec Options.max_bytes_for_level_multiplier_addtl[0]: 1
2024/05/24-15:04:56.963414 38ec Options.max_bytes_for_level_multiplier_addtl[1]: 1
2024/05/24-15:04:56.963419 38ec Options.max_bytes_for_level_multiplier_addtl[2]: 1
2024/05/24-15:04:56.963423 38ec Options.max_bytes_for_level_multiplier_addtl[3]: 1
2024/05/24-15:04:56.963428 38ec Options.max_bytes_for_level_multiplier_addtl[4]: 1
2024/05/24-15:04:56.963432 38ec Options.max_bytes_for_level_multiplier_addtl[5]: 1
2024/05/24-15:04:56.963437 38ec Options.max_bytes_for_level_multiplier_addtl[6]: 1
2024/05/24-15:04:56.963441 38ec       Options.max_sequential_skip_in_iterations: 8
2024/05/24-15:04:56.963446 38ec                    Options.max_compaction_bytes: 1677721600
2024/05/24-15:04:56.963451 38ec   Options.ignore_max_compaction_bytes_for_input: true
2024/05/24-15:04:56.963456 38ec                        Options.arena_block_size: 1048576
2024/05/24-15:04:56.963466 38ec   Options.soft_pending_compaction_bytes_limit: 68719476736
2024/05/24-15:04:56.963472 38ec   Options.hard_pending_compaction_bytes_limit: 274877906944
2024/05/24-15:04:56.963478 38ec                Options.disable_auto_compactions: 0
2024/05/24-15:04:56.963485 38ec                        Options.compaction_style: kCompactionStyleLevel
2024/05/24-15:04:56.963491 38ec                          Options.compaction_pri: kMinOverlappingRatio
2024/05/24-15:04:56.963496 38ec Options.compaction_options_universal.size_ratio: 1
2024/05/24-15:04:56.963500 38ec Options.compaction_options_universal.min_merge_width: 2
2024/05/24-15:04:56.963505 38ec Options.compaction_options_universal.max_merge_width: 4294967295
2024/05/24-15:04:56.963511 38ec Options.compaction_options_universal.max_size_amplification_percent: 200
2024/05/24-15:04:56.963516 38ec Options.compaction_options_universal.compression_size_percent: -1
2024/05/24-15:04:56.963522 38ec Options.compaction_options_universal.stop_style: kCompactionStopStyleTotalSize
2024/05/24-15:04:56.963527 38ec Options.compaction_options_fifo.max_table_files_size: 1073741824
2024/05/24-15:04:56.963531 38ec Options.compaction_options_fifo.allow_compaction: 0
2024/05/24-15:04:56.963539 38ec                   Options.table_properties_collectors: 
2024/05/24-15:04:56.963543 38ec                   Options.inplace_update_support: 0
2024/05/24-15:04:56.963547 38ec                 Options.inplace_update_num_locks: 10000
2024/05/24-15:04:56.963552 38ec               Options.memtable_prefix_bloom_size_ratio: 0.000000
2024/05/24-15:04:56.963556 38ec               Options.memtable_whole_key_filtering: 0
2024/05/24-15:04:56.963560 38ec   Options.memtable_huge_page_size: 0
2024/05/24-15:04:56.963563 38ec                           Options.bloom_locality: 0
2024/05/24-15:04:56.963567 38ec                    Options.max_successive_merges: 0
2024/05/24-15:04:56.963571 38ec                Options.optimize_filters_for_hits: 0
2024/05/24-15:04:56.963574 38ec                Options.paranoid_file_checks: 0
2024/05/24-15:04:56.963578 38ec                Options.force_consistency_checks: 1
2024/05/24-15:04:56.963582 38ec                Options.report_bg_io_stats: 0
2024/05/24-15:04:56.963586 38ec                               Options.ttl: 0
2024/05/24-15:04:56.963589 38ec          Options.periodic_compaction_seconds: 0
2024/05/24-15:04:56.963593 38ec  Options.preclude_last_level_data_seconds: 0
2024/05/24-15:04:56.963597 38ec    Options.preserve_internal_time_seconds: 0
2024/05/24-15:04:56.963600 38ec                       Options.enable_blob_files: true
2024/05/24-15:04:56.963604 38ec                           Options.min_blob_size: 100
2024/05/24-15:04:56.963608 38ec                          Options.blob_file_size: 268435456
2024/05/24-15:04:56.963612 38ec                   Options.blob_compression_type: LZ4
2024/05/24-15:04:56.963627 38ec          Options.enable_blob_garbage_collection: false
2024/05/24-15:04:56.963632 38ec      Options.blob_garbage_collection_age_cutoff: 0.250000
2024/05/24-15:04:56.963637 38ec Options.blob_garbage_collection_force_threshold: 1.000000
2024/05/24-15:04:56.963641 38ec          Options.blob_compaction_readahead_size: 0
2024/05/24-15:04:56.963644 38ec                Options.blob_file_starting_level: 0
2024/05/24-15:04:56.963648 38ec Options.experimental_mempurge_threshold: 0.000000
2024/05/24-15:04:56.964128 38ec [db\db_impl\db_impl.cc:3230] Created column family [] (ID 1)
2024/05/24-15:04:56.973653 38ec [db\column_family.cc:621] --------------- Options for column family []:
2024/05/24-15:04:56.973676 38ec               Options.comparator: leveldb.BytewiseComparator
2024/05/24-15:04:56.973681 38ec           Options.merge_operator: None
2024/05/24-15:04:56.973685 38ec        Options.compaction_filter: None
2024/05/24-15:04:56.973689 38ec        Options.compaction_filter_factory: None
2024/05/24-15:04:56.973693 38ec  Options.sst_partitioner_factory: None
2024/05/24-15:04:56.973697 38ec         Options.memtable_factory: SkipListFactory
2024/05/24-15:04:56.973700 38ec            Options.table_factory: BlockBasedTable
2024/05/24-15:04:56.973738 38ec            table_factory options:   flush_block_policy_factory: FlushBlockBySizePolicyFactory (0000026A21B2C8F0)
  cache_index_and_filter_blocks: 0
  cache_index_and_filter_blocks_with_high_priority: 1
  pin_l0_filter_and_index_blocks_in_cache: 0
  pin_top_level_index_and_filter: 1
  index_type: 0
  data_block_index_type: 0
  index_shortening: 1
  data_block_hash_table_util_ratio: 0.750000
  checksum: 1
  no_block_cache: 0
  block_cache: 0000026A21F3F7C0
  block_cache_name: LRUCache
  block_cache_options:
    capacity : 134217728
    num_shard_bits : 6
    strict_capacity_limit : 0
    memory_allocator : None
    high_pri_pool_ratio: 0.000
    low_pri_pool_ratio: 0.000
  persistent_cache: 0000000000000000
  block_size: 32768
  block_size_deviation: 10
  block_restart_interval: 16
  index_block_restart_interval: 1
  metadata_block_size: 4096
  partition_filters: 0
  use_delta_encoding: 1
  filter_policy: bloomfilter
  whole_key_filtering: 1
  verify_compression: 0
  read_amp_bytes_per_bit: 0
  format_version: 5
  enable_index_compression: 1
  block_align: 0
  max_auto_readahead_size: 262144
  prepopulate_block_cache: 0
  initial_auto_readahead_size: 8192
  num_file_reads_for_auto_readahead: 2
2024/05/24-15:04:56.973746 38ec        Options.write_buffer_size: 67108864
2024/05/24-15:04:56.973750 38ec  Options.max_write_buffer_number: 2
2024/05/24-15:04:56.973754 38ec          Options.compression: LZ4
2024/05/24-15:04:56.973758 38ec                  Options.bottommost_compression: Disabled
2024/05/24-15:04:56.973761 38ec       Options.prefix_extractor: nullptr
2024/05/24-15:04:56.973765 38ec   Options.memtable_insert_with_hint_prefix_extractor: nullptr
2024/05/24-15:04:56.973769 38ec             Options.num_levels: 7
2024/05/24-15:04:56.973773 38ec        Options.min_write_buffer_number_to_merge: 1
2024/05/24-15:04:56.973776 38ec     Options.max_write_buffer_number_to_maintain: 0
2024/05/24-15:04:56.973780 38ec     Options.max_write_buffer_size_to_maintain: 134217728
2024/05/24-15:04:56.973784 38ec            Options.bottommost_compression_opts.window_bits: -14
2024/05/24-15:04:56.973788 38ec                  Options.bottommost_compression_opts.level: 32767
2024/05/24-15:04:56.973792 38ec               Options.bottommost_compression_opts.strategy: 0
2024/05/24-15:04:56.973796 38ec         Options.bottommost_compression_opts.max_dict_bytes: 0
2024/05/24-15:04:56.973800 38ec         Options.bottommost_compression_opts.zstd_max_train_bytes: 0
2024/05/24-15:04:56.973804 38ec         Options.bottommost_compression_opts.parallel_threads: 1
2024/05/24-15:04:56.973808 38ec                  Options.bottommost_compression_opts.enabled: false
2024/05/24-15:04:56.973812 38ec         Options.bottommost_compression_opts.max_dict_buffer_bytes: 0
2024/05/24-15:04:56.973816 38ec         Options.bottommost_compression_opts.use_zstd_dict_trainer: true
2024/05/24-15:04:56.973820 38ec            Options.compression_opts.window_bits: -14
2024/05/24-15:04:56.973824 38ec                  Options.compression_opts.level: 32767
2024/05/24-15:04:56.973827 38ec               Options.compression_opts.strategy: 0
2024/05/24-15:04:56.973831 38ec         Options.compression_opts.max_dict_bytes: 0
2024/05/24-15:04:56.973835 38ec         Options.compression_opts.zstd_max_train_bytes: 0
2024/05/24-15:04:56.973839 38ec         Options.compression_opts.use_zstd_dict_trainer: true
2024/05/24-15:04:56.973843 38ec         Options.compression_opts.parallel_threads: 1
2024/05/24-15:04:56.973846 38ec                  Options.compression_opts.enabled: false
2024/05/24-15:04:56.973850 38ec         Options.compression_opts.max_dict_buffer_bytes: 0
2024/05/24-15:04:56.973854 38ec      Options.level0_file_num_compaction_trigger: 4
2024/05/24-15:04:56.973858 38ec          Options.level0_slowdown_writes_trigger: 20
2024/05/24-15:04:56.973862 38ec              Options.level0_stop_writes_trigger: 36
2024/05/24-15:04:56.973866 38ec                   Options.target_file_size_base: 67108864
2024/05/24-15:04:56.973928 38ec             Options.target_file_size_multiplier: 1
2024/05/24-15:04:56.973934 38ec                Options.max_bytes_for_level_base: 268435456
2024/05/24-15:04:56.973938 38ec Options.level_compaction_dynamic_level_bytes: 0
2024/05/24-15:04:56.973944 38ec          Options.max_bytes_for_level_multiplier: 10.000000
2024/05/24-15:04:56.973948 38ec Options.max_bytes_for_level_multiplier_addtl[0]: 1
2024/05/24-15:04:56.973952 38ec Options.max_bytes_for_level_multiplier_addtl[1]: 1
2024/05/24-15:04:56.973956 38ec Options.max_bytes_for_level_multiplier_addtl[2]: 1
2024/05/24-15:04:56.973959 38ec Options.max_bytes_for_level_multiplier_addtl[3]: 1
2024/05/24-15:04:56.973963 38ec Options.max_bytes_for_level_multiplier_addtl[4]: 1
2024/05/24-15:04:56.973967 38ec Options.max_bytes_for_level_multiplier_addtl[5]: 1
2024/05/24-15:04:56.973970 38ec Options.max_bytes_for_level_multiplier_addtl[6]: 1
2024/05/24-15:04:56.973974 38ec       Options.max_sequential_skip_in_iterations: 8
2024/05/24-15:04:56.973978 38ec                    Options.max_compaction_bytes: 1677721600
2024/05/24-15:04:56.973981 38ec   Options.ignore_max_compaction_bytes_for_input: true
2024/05/24-15:04:56.973985 38ec                        Options.arena_block_size: 1048576
2024/05/24-15:04:56.973989 38ec   Options.soft_pending_compaction_bytes_limit: 68719476736
2024/05/24-15:04:56.973993 38ec   Options.hard_pending_compaction_bytes_limit: 274877906944
2024/05/24-15:04:56.973997 38ec                Options.disable_auto_compactions: 0
2024/05/24-15:04:56.974001 38ec                        Options.compaction_style: kCompactionStyleLevel
2024/05/24-15:04:56.974006 38ec                          Options.compaction_pri: kMinOverlappingRatio
2024/05/24-15:04:56.974010 38ec Options.compaction_options_universal.size_ratio: 1
2024/05/24-15:04:56.974014 38ec Options.compaction_options_universal.min_merge_width: 2
2024/05/24-15:04:56.974018 38ec Options.compaction_options_universal.max_merge_width: 4294967295
2024/05/24-15:04:56.974022 38ec Options.compaction_options_universal.max_size_amplification_percent: 200
2024/05/24-15:04:56.974026 38ec Options.compaction_options_universal.compression_size_percent: -1
2024/05/24-15:04:56.974030 38ec Options.compaction_options_universal.stop_style: kCompactionStopStyleTotalSize
2024/05/24-15:04:56.974034 38ec Options.compaction_options_fifo.max_table_files_size: 1073741824
2024/05/24-15:04:56.974038 38ec Options.compaction_options_fifo.allow_compaction: 0
2024/05/24-15:04:56.974047 38ec                   Options.table_properties_collectors: 
2024/05/24-15:04:56.974051 38ec                   Options.inplace_update_support: 0
2024/05/24-15:04:56.974055 38ec                 Options.inplace_update_num_locks: 10000
2024/05/24-15:04:56.974059 38ec               Options.memtable_prefix_bloom_size_ratio: 0.000000
2024/05/24-15:04:56.974063 38ec               Options.memtable_whole_key_filtering: 0
2024/05/24-15:04:56.974067 38ec   Options.memtable_huge_page_size: 0
2024/05/24-15:04:56.974070 38ec                           Options.bloom_locality: 0
2024/05/24-15:04:56.974074 38ec                    Options.max_successive_merges: 0
2024/05/24-15:04:56.974078 38ec                Options.optimize_filters_for_hits: 0
2024/05/24-15:04:56.974081 38ec                Options.paranoid_file_checks: 0
2024/05/24-15:04:56.974085 38ec                Options.force_consistency_checks: 1
2024/05/24-15:04:56.974097 38ec                Options.report_bg_io_stats: 0
2024/05/24-15:04:56.974100 38ec                               Options.ttl: 0
2024/05/24-15:04:56.974104 38ec          Options.periodic_compaction_seconds: 0
2024/05/24-15:04:56.974108 38ec  Options.preclude_last_level_data_seconds: 0
2024/05/24-15:04:56.974111 38ec    Options.preserve_internal_time_seconds: 0
2024/05/24-15:04:56.974115 38ec                       Options.enable_blob_files: false
2024/05/24-15:04:56.974119 38ec                           Options.min_blob_size: 0
2024/05/24-15:04:56.974123 38ec                          Options.blob_file_size: 268435456
2024/05/24-15:04:56.974129 38ec                   Options.blob_compression_type: NoCompression
2024/05/24-15:04:56.974133 38ec          Options.enable_blob_garbage_collection: false
2024/05/24-15:04:56.974138 38ec      Options.blob_garbage_collection_age_cutoff: 0.250000
2024/05/24-15:04:56.974142 38ec Options.blob_garbage_collection_force_threshold: 1.000000
2024/05/24-15:04:56.974146 38ec          Options.blob_compaction_readahead_size: 0
2024/05/24-15:04:56.974150 38ec                Options.blob_file_starting_level: 0
2024/05/24-15:04:56.974154 38ec Options.experimental_mempurge_threshold: 0.000000
2024/05/24-15:04:56.974447 38ec [db\db_impl\db_impl.cc:3230] Created column family [] (ID 2)
2024/05/24-15:04:56.984568 38ec [db\column_family.cc:621] --------------- Options for column family []:
2024/05/24-15:04:56.984599 38ec               Options.comparator: leveldb.BytewiseComparator
2024/05/24-15:04:56.984606 38ec           Options.merge_operator: None
2024/05/24-15:04:56.984611 38ec        Options.compaction_filter: None
2024/05/24-15:04:56.984624 38ec        Options.compaction_filter_factory: None
2024/05/24-15:04:56.984629 38ec  Options.sst_partitioner_factory: None
2024/05/24-15:04:56.984635 38ec         Options.memtable_factory: SkipListFactory
2024/05/24-15:04:56.984640 38ec            Options.table_factory: BlockBasedTable
2024/05/24-15:04:56.984676 38ec            table_factory options:   flush_block_policy_factory: FlushBlockBySizePolicyFactory (0000026A21B2D1C0)
  cache_index_and_filter_blocks: 0
  cache_index_and_filter_blocks_with_high_priority: 1
  pin_l0_filter_and_index_blocks_in_cache: 0
  pin_top_level_index_and_filter: 1
  index_type: 0
  data_block_index_type: 0
  index_shortening: 1
  data_block_hash_table_util_ratio: 0.750000
  checksum: 1
  no_block_cache: 0
  block_cache: 0000026A21F41F20
  block_cache_name: LRUCache
  block_cache_options:
    capacity : 134217728
    num_shard_bits : 6
    strict_capacity_limit : 0
    memory_allocator : None
    high_pri_pool_ratio: 0.000
    low_pri_pool_ratio: 0.000
  persistent_cache: 0000000000000000
  block_size: 32768
  block_size_deviation: 10
  block_restart_interval: 16
  index_block_restart_interval: 1
  metadata_block_size: 4096
  partition_filters: 0
  use_delta_encoding: 1
  filter_policy: bloomfilter
  whole_key_filtering: 1
  verify_compression: 0
  read_amp_bytes_per_bit: 0
  format_version: 5
  enable_index_compression: 1
  block_align: 0
  max_auto_readahead_size: 262144
  prepopulate_block_cache: 0
  initial_auto_readahead_size: 8192
  num_file_reads_for_auto_readahead: 2
2024/05/24-15:04:56.984683 38ec        Options.write_buffer_size: 67108864
2024/05/24-15:04:56.984688 38ec  Options.max_write_buffer_number: 2
2024/05/24-15:04:56.984694 38ec          Options.compression: LZ4
2024/05/24-15:04:56.984700 38ec                  Options.bottommost_compression: Disabled
2024/05/24-15:04:56.984705 38ec       Options.prefix_extractor: nullptr
2024/05/24-15:04:56.984710 38ec   Options.memtable_insert_with_hint_prefix_extractor: nullptr
2024/05/24-15:04:56.984715 38ec             Options.num_levels: 7
